4908.000000 5.33233e-05
4909.000000 5.61409e-05
4910.000000 5.89586e-05
4911.000000 6.17765e-05
4912.000000 6.45946e-05
4913.000000 6.74129e-05
4914.000000 7.02314e-05
4915.000000 7.30501e-05
4916.000000 7.5869e-05
4917.000000 7.86881e-05
4918.000000 8.15074e-05
4919.000000 8.43341e-05
4920.000000 8.71541e-05
4921.000000 8.99743e-05
4922.000000 9.27947e-05
4923.000000 9.56153e-05
4924.000000 9.84361e-05
4925.000000 0.000101257
4926.000000 0.000104078
4927.000000 0.0001069
4928.000000 0.000109721
4929.000000 0.000112543
4930.000000 0.000115365
4931.000000 0.000118188
4932.000000 0.00012101
4933.000000 0.000123833
4934.000000 0.000126656
4935.000000 0.000129479
4936.000000 0.000132313
4937.000000 0.000135137
4938.000000 0.000137961
4939.000000 0.000140785
4940.000000 0.00014361
4941.000000 0.000146435
4942.000000 0.000149259
4943.000000 0.000152084
4944.000000 0.00015491
4945.000000 0.000157735
4946.000000 0.000160561
4947.000000 0.000163387
4948.000000 0.000166213
4949.000000 0.000169039
4950.000000 0.000171866
4950.781738 0.000174076
4951.000000 0.0001841
4951.781738 0.000220018
4952.000000 0.000228275
4952.782227 0.000257853
4953.000000 0.000269099
4953.782227 0.000309495
4954.000000 0.00032433
4954.782715 0.000377652
4955.000000 0.000395267
4955.782715 0.000458723
4956.000000 0.000482264
4956.783203 0.00056712
4957.000000 0.000598041
4957.783203 0.000709752
4958.000000 0.00074515
4958.783691 0.000873112
4959.000000 0.000921568
4959.783691 0.00109713
4960.000000 0.00115791
4960.784180 0.00137822
4961.000000 0.00146594
4961.784668 0.00178485
4962.000000 0.00189408
4962.784668 0.00229211
4963.000000 0.0024378
4963.785156 0.00296907
4964.000000 0.00316574
4964.785156 0.00388452
4965.000000 0.00416121
4965.785645 0.00517305
4966.000000 0.00553816
4966.785645 0.00687643
4967.000000 0.00737215
4967.786133 0.00919023
4968.000000 0.00985005
4968.786133 0.0122755
4969.000000 0.0132158
4969.786621 0.0166756
4970.000000 0.0180055
4970.786621 0.0229069
4971.000000 0.0247813
4971.787109 0.0316957
4972.000000 0.0342125
4972.787598 0.0435237
4973.000000 0.0471743
4973.787598 0.0607114
4974.000000 0.0654948
4974.788086 0.0832436
4975.000000 0.0890984
4975.788086 0.110873
4976.000000 0.117687
4976.788574 0.143048
4977.000000 0.150062
4977.788574 0.176225
4978.000000 0.182441
4978.789062 0.20564
4979.000000 0.210716
4979.789062 0.229702
4980.000000 0.233021
4980.789551 0.245443
4981.000000 0.247345
4981.790039 0.254482
4982.000000 0.255451
4982.790039 0.259098
4983.000000 0.259279
4983.790527 0.259958
4984.000000 0.259961
4984.790527 0.259973
4985.000000 0.259901
4985.791016 0.259627
4986.000000 0.259462
4986.791016 0.258836
4987.000000 0.258857
4987.791504 0.258935
4988.000000 0.258967
4988.791504 0.259089
4989.000000 0.25927
4989.791992 0.259974
4990.000000 0.260098
4990.791992 0.260553
4991.000000 0.260719
4991.792480 0.261348
4992.000000 0.261214
4992.792480 0.260704
4993.000000 0.26074
4993.792969 0.260878
4994.000000 0.260671
4994.792969 0.259878
4995.000000 0.259588
4995.793457 0.258476
4996.000000 0.258027
4996.793945 0.256301
4997.000000 0.255875
4997.793945 0.254235
4998.000000 0.253811
4998.794434 0.252178
4999.000000 0.251586
4999.794434 0.249301
5000.000000 0.248886
5000.794922 0.247274
5001.000000 0.246754
5001.794922 0.24474
5002.000000 0.24428
5002.795410 0.242496
5003.000000 0.242147
5003.795410 0.24079
5004.000000 0.2404
5004.795898 0.238883
5005.000000 0.238769
5005.795898 0.238328
5006.000000 0.238115
5006.796387 0.237284
5007.000000 0.237111
5007.796875 0.236433
5008.000000 0.236369
5008.796875 0.236115
5009.000000 0.236097
5009.797363 0.236041
5010.000000 0.236028
5010.797363 0.235964
5011.000000 0.236022
5011.797852 0.23625
5012.000000 0.236346
5012.797852 0.236725
5013.000000 0.236759
5013.798340 0.236893
5014.000000 0.236987
5014.798340 0.237358
5015.000000 0.237458
5015.798828 0.237856
5016.000000 0.237965
5016.799316 0.238399
5017.000000 0.238621
5017.799316 0.239504
5018.000000 0.239633
5018.799805 0.240148
5019.000000 0.240465
5019.799805 0.24173
5020.000000 0.24195
5020.800293 0.242828
5021.000000 0.243078
5021.800293 0.244077
5022.000000 0.244458
5022.800781 0.245989
5023.000000 0.246301
5023.800781 0.247556
5024.000000 0.248008
5024.801270 0.249826
5025.000000 0.250224
5025.801270 0.251828
5026.000000 0.252288
5026.801758 0.254143
5027.000000 0.254621
5027.801758 0.256555
5028.000000 0.25684
5028.802246 0.257994
5029.000000 0.258394
5029.802734 0.260016
5030.000000 0.260334
5030.802734 0.261625
5031.000000 0.261813
5031.803223 0.262576
5032.000000 0.262649
5032.803223 0.262966
5033.000000 0.262829
5033.803711 0.262254
5034.000000 0.261928
5034.803711 0.260597
5035.000000 0.259798
5035.804199 0.256525
5036.000000 0.255201
5036.804199 0.249763
5037.000000 0.24804
5037.804688 0.240956
5038.000000 0.238361
5038.804688 0.227669
5039.000000 0.224335
5039.805176 0.210591
5040.000000 0.20669
5040.805664 0.190561
5041.000000 0.186082
5041.805664 0.167514
5042.000000 0.162661
5042.806152 0.14253
5043.000000 0.13778
5043.806152 0.118028
5044.000000 0.113561
5044.806641 0.0949742
5045.000000 0.091241
5045.806641 0.0756678
5046.000000 0.0725968
5046.807129 0.0597779
5047.000000 0.0570474
5047.807129 0.0456209
5048.000000 0.043539
5048.807617 0.0348214
5049.000000 0.0331644
5049.807617 0.0262084
5050.000000 0.025032
5050.808105 0.0200907
5051.000000 0.0191399
5051.808594 0.0151339
5052.000000 0.0144312
5052.808594 0.0114626
5053.000000 0.0109489
5053.809082 0.00877746
5054.000000 0.0083828
5054.809082 0.00671031
5055.000000 0.00641461
5055.809570 0.00516073
5056.000000 0.00494181
5056.809570 0.00401112
5057.000000 0.00383672
5057.810059 0.00309509
5058.000000 0.00296988
5058.810059 0.00243565
5059.000000 0.00234528
5059.810547 0.00195961
5060.000000 0.00188308
5060.811035 0.00155545
5061.000000 0.00149721
5061.811035 0.00124722
5062.000000 0.00120071
5062.811523 0.00100095
5063.000000 0.000965242
5063.811523 0.000811507
5064.000000 0.00078358
5064.812012 0.000663265
5065.000000 0.000639015
5065.812012 0.00053427
5066.000000 0.000515004
5066.812500 0.000431737
5067.000000 0.000417981
5067.812500 0.000358371
5068.000000 0.000347101
5068.812988 0.000298236
5069.000000 0.000287665
5069.812988 0.000241711
5070.000000 0.000233899
5070.813477 0.000199919
5071.000000 0.000194255
5071.813477 0.000169552
5072.000000 0.000164283
5072.813965 0.000141291
5073.000000 0.000137152
5073.813965 0.000119043
5074.000000 0.000115744
5074.814453 0.000101305
5075.000000 9.87957e-05
5075.814941 8.77758e-05
5076.000000 8.52722e-05
5076.814941 7.42473e-05
5077.000000 7.30794e-05
5077.815430 6.79335e-05
5078.000000 6.56031e-05
5078.815430 5.53077e-05
5079.000000 5.36994e-05
