6550.000000 4.93981e-05
6551.000000 4.98916e-05
6552.000000 5.0385e-05
6553.000000 5.08739e-05
6554.000000 5.13669e-05
6555.000000 5.18597e-05
6556.000000 5.23523e-05
6557.000000 5.28403e-05
6558.000000 5.33325e-05
6559.000000 5.38246e-05
6560.000000 5.43165e-05
6561.000000 5.48034e-05
6562.000000 5.52949e-05
6563.000000 5.57862e-05
6564.000000 5.62773e-05
6565.000000 5.67633e-05
6566.000000 5.7254e-05
6567.000000 5.77445e-05
6568.000000 5.82349e-05
6569.000000 5.872e-05
6570.000000 5.921e-05
6571.000000 5.96997e-05
6572.000000 6.01892e-05
6573.000000 6.06734e-05
6574.000000 6.11625e-05
6575.000000 6.16515e-05
6576.000000 6.21402e-05
6577.000000 6.26235e-05
6578.000000 6.31119e-05
6579.000000 6.36001e-05
6580.000000 6.40881e-05
6581.000000 6.45703e-05
6582.000000 6.50579e-05
6583.000000 6.55453e-05
6584.000000 6.60325e-05
6585.000000 6.65138e-05
6586.000000 6.70006e-05
6587.000000 6.74873e-05
6588.000000 6.79737e-05
6589.000000 6.84541e-05
6590.000000 6.89402e-05
6591.000000 6.9426e-05
6592.000000 6.99117e-05
6593.000000 7.03911e-05
6594.000000 7.08763e-05
6595.000000 7.13614e-05
6596.000000 7.18463e-05
6597.000000 7.23248e-05
6598.000000 7.28092e-05
6599.000000 7.32935e-05
6600.000000 7.37777e-05
6601.000000 7.42552e-05
6602.000000 7.47388e-05
6603.000000 7.52223e-05
6604.000000 7.56991e-05
6605.000000 7.61822e-05
6606.000000 7.66651e-05
6607.000000 7.71478e-05
6608.000000 7.76237e-05
6609.000000 7.8106e-05
6610.000000 7.85881e-05
6611.000000 7.907e-05
6612.000000 7.95449e-05
6613.000000 8.00265e-05
6614.000000 8.05078e-05
6615.000000 8.0989e-05
6616.000000 8.14629e-05
6617.000000 8.19437e-05
6618.000000 8.24243e-05
6619.000000 8.29047e-05
6620.000000 8.33777e-05
6621.000000 8.38577e-05
6622.000000 8.43375e-05
6623.000000 8.48171e-05
6624.000000 8.52892e-05
6625.000000 8.57685e-05
6626.000000 8.62475e-05
6627.000000 8.67189e-05
6628.000000 8.71976e-05
6629.000000 8.7676e-05
6630.000000 8.81543e-05
6631.000000 8.86213e-05
6632.000000 8.90957e-05
6633.000000 8.95699e-05
6634.000000 9.00438e-05
6635.000000 9.05098e-05
6636.000000 9.09832e-05
6637.000000 9.14565e-05
6638.000000 9.19295e-05
6639.000000 9.23944e-05
6640.000000 9.28669e-05
6641.000000 9.33392e-05
6642.000000 9.38032e-05
6643.000000 9.4275e-05
6644.000000 9.47465e-05
6645.000000 9.52179e-05
6646.000000 9.56808e-05
6647.000000 9.61517e-05
6648.000000 9.66224e-05
6649.000000 9.70928e-05
6650.000000 9.75547e-05
6651.000000 9.80246e-05
6651.836426 9.84174e-05
6652.000000 9.968e-05
6652.836426 0.000106134
6653.000000 0.000107938
6653.836914 0.000117155
6654.000000 0.000119537
6654.836914 0.000131768
6655.000000 0.00013361
6655.837402 0.000143062
6656.000000 0.00014566
6656.837891 0.000159033
6657.000000 0.000161711
6657.837891 0.000175558
6658.000000 0.000177787
6658.838379 0.000189317
6659.000000 0.000193993
6659.838379 0.000218245
6660.000000 0.00022149
6660.838867 0.000238315
6661.000000 0.000242348
6661.838867 0.000263353
6662.000000 0.000267828
6662.839355 0.000291139
6663.000000 0.000296396
6663.839844 0.000323874
6664.000000 0.000329689
6664.839844 0.000360151
6665.000000 0.000365514
6665.840332 0.000393674
6666.000000 0.000401798
6666.840332 0.00044454
6667.000000 0.000451073
6667.840820 0.000485434
6668.000000 0.000495052
6668.840820 0.000545879
6669.000000 0.000556195
6669.841309 0.000610707
6670.000000 0.000622783
6670.841309 0.000686787
6671.000000 0.000699855
6671.841797 0.000769104
6672.000000 0.000784645
6672.841797 0.000867373
6673.000000 0.000885475
6673.842285 0.000981829
6674.000000 0.00100083
6674.842285 0.00110228
6675.000000 0.00112577
6675.842773 0.00125117
6676.000000 0.00127689
6676.843262 0.00141488
6677.000000 0.00144437
6677.843262 0.00160299
6678.000000 0.00163706
6678.843750 0.00182026
6679.000000 0.0018608
6679.843750 0.0020798
6680.000000 0.00212243
6680.844238 0.00235269
6681.000000 0.00240643
6681.844238 0.00269763
6682.000000 0.0027544
6682.844727 0.00306194
6683.000000 0.00313331
6683.844727 0.00352168
6684.000000 0.00360621
6684.845215 0.00406625
6685.000000 0.00417092
6685.845703 0.0047427
6686.000000 0.00485504
6686.845703 0.00547024
6687.000000 0.00561134
6687.846191 0.00638539
6688.000000 0.0065485
6688.846191 0.00744566
6689.000000 0.00764453
6689.846680 0.0087384
6690.000000 0.00896188
6690.846680 0.0101963
6691.000000 0.0104658
6691.847168 0.0119542
6692.000000 0.0122957
6692.847168 0.0141883
6693.000000 0.0145647
6693.847656 0.0166505
6694.000000 0.0171164
6694.847656 0.0197092
6695.000000 0.0202363
6695.848145 0.0231705
6696.000000 0.0238668
6696.848633 0.0277574
6697.000000 0.0285904
6697.848633 0.0332573
6698.000000 0.0343071
6698.849121 0.0401969
6699.000000 0.0414292
6699.849121 0.0483623
6700.000000 0.0498191
6700.849609 0.0580163
6701.000000 0.0598196
6701.849609 0.0700091
6702.000000 0.0720443
6702.850098 0.0835455
6703.000000 0.0858132
6703.850098 0.0986704
6704.000000 0.101239
6704.850586 0.1158
6705.000000 0.118707
6705.851074 0.13527
6706.000000 0.138094
6706.851074 0.154225
6707.000000 0.157114
6707.851562 0.173617
6708.000000 0.176117
6708.851562 0.190468
6709.000000 0.192954
6709.852051 0.207224
6710.000000 0.209404
6710.852051 0.221954
6711.000000 0.223561
6711.852539 0.232805
6712.000000 0.233823
6712.852539 0.239723
6713.000000 0.240242
6713.853027 0.243244
6714.000000 0.243385
6714.853516 0.244186
6715.000000 0.24399
6715.853516 0.242867
6716.000000 0.242479
6716.854004 0.240213
6717.000000 0.239727
6717.854004 0.236887
6718.000000 0.236308
6718.854492 0.232902
6719.000000 0.232354
6719.854492 0.229151
6720.000000 0.228573
6720.854980 0.225175
6721.000000 0.224686
6721.854980 0.221799
6722.000000 0.221402
6722.855469 0.219044
6723.000000 0.21866
6723.855469 0.216404
6724.000000 0.216064
6724.855957 0.214054
6725.000000 0.213816
6725.855957 0.212389
6726.000000 0.212243
6726.856445 0.211392
6727.000000 0.211229
6727.856934 0.210258
6728.000000 0.210229
6728.856934 0.210054
6729.000000 0.210035
6729.857422 0.209902
6730.000000 0.209975
6730.857422 0.210434
6731.000000 0.210534
6731.857910 0.211132
6732.000000 0.211297
6732.857910 0.212272
6733.000000 0.212359
6733.858398 0.212899
6734.000000 0.213154
6734.858887 0.214699
6735.000000 0.214865
6735.858887 0.215876
6736.000000 0.216099
6736.859375 0.21744
6737.000000 0.217696
6737.859375 0.219276
6738.000000 0.219579
6738.859863 0.221437
6739.000000 0.2217
6739.859863 0.223296
6740.000000 0.223565
6740.860352 0.225232
6741.000000 0.225468
6741.860352 0.22692
6742.000000 0.227215
6742.860840 0.229036
6743.000000 0.229316
6743.861328 0.231034
6744.000000 0.231258
6744.861328 0.232666
6745.000000 0.232891
6745.861816 0.234287
6746.000000 0.234542
6746.861816 0.236114
6747.000000 0.236295
6747.862305 0.237443
6748.000000 0.237665
6748.862305 0.239052
6749.000000 0.239209
6749.862793 0.240188
6750.000000 0.240248
6750.862793 0.240608
6751.000000 0.240831
6751.863281 0.242249
6752.000000 0.242339
6752.863281 0.24291
6753.000000 0.243055
6753.863770 0.243952
6754.000000 0.243964
6754.863770 0.24406
6755.000000 0.244117
6755.864258 0.244477
6756.000000 0.244582
6756.864746 0.245251
6757.000000 0.245311
6757.864746 0.245673
6758.000000 0.245668
6758.865234 0.245652
6759.000000 0.245592
6759.865234 0.245207
6760.000000 0.245249
6760.865723 0.245498
6761.000000 0.245452
6761.865723 0.245176
6762.000000 0.245155
6762.866211 0.245019
6763.000000 0.244997
6763.866699 0.244835
6764.000000 0.244776
6764.866699 0.244406
6765.000000 0.244414
6765.867188 0.244463
6766.000000 0.2444
6766.867188 0.243984
6767.000000 0.243929
6767.867676 0.243549
6768.000000 0.243536
6768.867676 0.243469
6769.000000 0.243404
6769.868164 0.242976
6770.000000 0.242942
6770.868164 0.242699
6771.000000 0.24267
6771.868652 0.242497
6772.000000 0.242406
6772.869141 0.241809
6773.000000 0.241822
6773.869141 0.241908
6774.000000 0.241845
6774.869629 0.241409
6775.000000 0.241367
6775.869629 0.241106
6776.000000 0.241072
6776.870117 0.240842
6777.000000 0.240788
6777.870117 0.240406
6778.000000 0.240365
6778.870605 0.240114
6779.000000 0.240112
6779.870605 0.2401
6780.000000 0.240085
6780.871094 0.239985
6781.000000 0.239886
6781.871094 0.239198
6782.000000 0.239243
6782.871582 0.239563
6783.000000 0.23951
6783.871582 0.23915
6784.000000 0.239147
6784.872070 0.239106
6785.000000 0.239105
6785.872559 0.239111
6786.000000 0.239093
6786.872559 0.238969
6787.000000 0.238996
6787.873047 0.239167
6788.000000 0.239135
6788.873047 0.238933
6789.000000 0.238949
6789.873535 0.239061
6790.000000 0.239006
6790.873535 0.238622
6791.000000 0.238667
6791.874023 0.238953
6792.000000 0.23892
6792.874512 0.238711
6793.000000 0.238722
6793.874512 0.238801
6794.000000 0.238802
6794.875000 0.238794
6795.000000 0.238794
6795.875000 0.238812
6796.000000 0.238707
6796.875488 0.237973
6797.000000 0.237934
6797.875488 0.237664
6798.000000 0.237633
6798.875977 0.237397
6799.000000 0.237385
6799.875977 0.237318
6800.000000 0.237232
6800.876465 0.236626
6801.000000 0.236524
6801.876465 0.235785
6802.000000 0.235657
6802.876953 0.234765
6803.000000 0.234638
6803.877441 0.233737
6804.000000 0.23364
6804.877441 0.232922
6805.000000 0.232776
6805.877930 0.231748
6806.000000 0.231502
6806.877930 0.229734
6807.000000 0.229497
6807.878418 0.22779
6808.000000 0.22752
6808.878418 0.225551
6809.000000 0.225234
6809.878906 0.222965
6810.000000 0.222626
6810.878906 0.220165
6811.000000 0.219801
6811.879395 0.217146
6812.000000 0.216608
6812.879395 0.212702
6813.000000 0.212197
6813.879883 0.208515
6814.000000 0.208007
6814.880371 0.204265
6815.000000 0.203628
6815.880371 0.198959
6816.000000 0.198246
6816.880859 0.193001
6817.000000 0.192244
6817.880859 0.186648
6818.000000 0.185797
6818.881348 0.179489
6819.000000 0.178549
6819.881348 0.171586
6820.000000 0.170632
6820.881836 0.163547
6821.000000 0.162585
6821.882324 0.15539
6822.000000 0.154274
6822.882324 0.145924
6823.000000 0.14486
6823.882812 0.136878
6824.000000 0.135776
6824.882812 0.127474
6825.000000 0.126439
6825.883301 0.118652
6826.000000 0.117533
6826.883301 0.109066
6827.000000 0.108086
6827.883789 0.100665
6828.000000 0.0996006
6828.883789 0.0915048
6829.000000 0.0905907
6829.884277 0.0836434
6830.000000 0.0827472
6830.884277 0.0759025
6831.000000 0.0750058
6831.884766 0.0681468
6832.000000 0.0672946
6832.884766 0.060758
6833.000000 0.0600103
6833.885254 0.0542679
6834.000000 0.0536202
6834.885742 0.0486179
6835.000000 0.0479977
6835.885742 0.0431942
6836.000000 0.042638
6836.886230 0.0383251
6837.000000 0.0378314
6837.886230 0.0339842
6838.000000 0.0335559
6838.886719 0.0302203
6839.000000 0.0298298
6839.886719 0.0267734
6840.000000 0.0264299
6840.887207 0.0237406
6841.000000 0.0234299
6841.887695 0.0209839
6842.000000 0.0207254
6842.887695 0.0186837
6843.000000 0.0184453
6843.888184 0.0165606
6844.000000 0.0163439
6844.888184 0.014622
6845.000000 0.0144256
6845.888672 0.0128658
6846.000000 0.0126986
6846.888672 0.0113642
6847.000000 0.0112222
6847.889160 0.0100874
6848.000000 0.00995576
6848.889160 0.00890038
6849.000000 0.00878931
6849.889648 0.00789802
6850.000000 0.00779656
6850.890137 0.00697838
6851.000000 0.00689716
6851.890137 0.00623873
6852.000000 0.00616458
6852.890625 0.00556401
6853.000000 0.00549791
6853.890625 0.00495979
6854.000000 0.00489947
6854.891113 0.00440776
6855.000000 0.00435914
6855.891113 0.00396163
6856.000000 0.00391698
6856.891602 0.00355143
6857.000000 0.00351281
6857.891602 0.00319498
6858.000000 0.00315583
6858.892090 0.00283394
6859.000000 0.00280136
6859.892090 0.00253212
6860.000000 0.00250257
6860.892578 0.00225805
6861.000000 0.00223378
6861.892578 0.00203227
6862.000000 0.00201043
6862.893066 0.0018289
6863.000000 0.00180851
6863.893555 0.00163807
6864.000000 0.001621
6864.893555 0.00147784
6865.000000 0.00146245
6865.894043 0.00133316
6866.000000 0.0013193
6866.894043 0.00120242
6867.000000 0.00119094
6867.894531 0.00109392
6868.000000 0.00108386
6868.894531 0.000998631
6869.000000 0.000988507
6869.895020 0.000902611
6870.000000 0.000894378
6870.895508 0.000824103
6871.000000 0.000815026
6871.895508 0.000737318
6872.000000 0.000730115
6872.895996 0.000668364
6873.000000 0.000661902
6873.895996 0.000606193
6874.000000 0.000600466
6874.896484 0.000551154
6875.000000 0.000546325
6875.896484 0.000504509
6876.000000 0.000499846
6876.896973 0.000459415
6877.000000 0.000455013
6877.896973 0.000416728
6878.000000 0.000413006
6878.897461 0.000380592
6879.000000 0.000377718
6879.897461 0.000352568
6880.000000 0.000349375
6880.897949 0.000321397
6881.000000 0.000318591
6881.898438 0.000293919
6882.000000 0.000291155
6882.898438 0.000266716
6883.000000 0.000264803
6883.898926 0.000247854
6884.000000 0.000245948
6884.898926 0.000229019
6885.000000 0.000227381
6885.899414 0.000212802
6886.000000 0.000210699
6886.899414 0.000191884
6887.000000 0.000190096
6887.899902 0.000174117
6888.000000 0.000172835
6888.899902 0.000161311
6889.000000 0.000160213
6889.900391 0.000150323
6890.000000 0.000149177
6890.900391 0.000138829
6891.000000 0.0001374
6891.900879 0.000124477
6892.000000 0.00012383
6892.901367 0.000117933
6893.000000 0.000117005
6893.901367 0.000108537
6894.000000 0.000107637
6894.901855 9.94064e-05
6895.000000 9.8536e-05
6895.901855 9.05326e-05
6896.000000 8.99686e-05
6896.902344 8.47907e-05
6897.000000 8.41032e-05
6897.902344 7.77518e-05
6898.000000 7.73187e-05
6898.902832 7.33157e-05
6899.000000 7.26577e-05
6899.903320 6.65369e-05
6900.000000 6.62586e-05
6900.903320 6.3664e-05
6901.000000 6.29345e-05
6901.903809 5.61165e-05
6902.000000 5.60768e-05
6903.000000 5.56601e-05
6904.000000 5.52484e-05
6905.000000 5.48369e-05
6906.000000 5.44208e-05
6907.000000 5.40096e-05
6908.000000 5.35987e-05
6909.000000 5.31832e-05
6910.000000 5.27726e-05
6911.000000 5.23622e-05
6912.000000 5.19475e-05
6913.000000 5.15374e-05
6914.000000 5.11275e-05
6915.000000 5.07134e-05
6916.000000 5.03039e-05
6917.000000 4.98946e-05
6918.000000 4.94854e-05
